24
24
24
10
011101110111011101110111
1111100111110011111001111100111110011111001111100111110011111001111100
111111111111111111111111
111111111111111111111111
111111111111111110111111
111111111111111111111111
111111111111111111111111
111111111111111110111111
111111111111110010111000
111111111111111111111111
111111111111111110111111
111111111111111111111111
111111001110111111011111
111111111111111111111111
111111111111111111111111
111111111111111111111111
111111111111111111111111
111111111111111111111111
111111111111111110111111
111111111111110010111000
111111111111111111111111
111111111111110010111000
111111111111111110111111
111111111111111111111111
111111111111111111111111
111111111111110010111000
100000000000000000000000
010100000101000000100001
001001010010010101010010
010100000101000000100001
000010000000000000000000
001001010010010101010010
000000100000001000000100
001001010010010101010010
000000001000000000000000
010100000101000000100001
001001010010010101010010
010100000101000000100001
000000000000100000000000
001001010010010101010010
000000100000001000000100
001001010010010101010010
000000000000000010000000
001001010010010101010010
010100000101000000100001
001001010010010101010010
000000000000000000001000
000000100000001000000100
001001010010010101010010
010100000101000000100001
1110111111101101111111011111110111111101111111011011111110111111101111
1111111111111111111111111111111111111111111111111111111111111111111111
1111111111111111111111111111111111111111111111111111111111111111111111
1111111111111111111111111111111111111111111111111111111111111111111111
1111111111111111111111111111111111111111111111111111111111111111111111
