24
24
24
1
011101110111011101110111
1111100
111111111111111111111111
111111111111111111111111
111111111111111110111111
111111111111111111111111
111111111111111111111111
111111111111111110111111
111111111111110010111000
111111111111111111111111
111111111111111110111111
111111111111111111111111
111111001110111111011111
111111111111111111111111
111111111111111111111111
111111111111111111111111
111111111111111111111111
111111111111111111111111
111111111111111110111111
111111111111110010111000
111111111111111111111111
111111111111110010111000
111111111111111110111111
111111111111111111111111
111111111111111111111111
111111111111110010111000
100000000000000000000000
010100000101000000100001
001001010010010101010010
010100000101000000100001
000010000000000000000000
001001010010010101010010
000000100000001000000100
001001010010010101010010
000000001000000000000000
010100000101000000100001
001001010010010101010010
010100000101000000100001
000000000000100000000000
001001010010010101010010
000000100000001000000100
001001010010010101010010
000000000000000010000000
001001010010010101010010
010100000101000000100001
001001010010010101010010
000000000000000000001000
000000100000001000000100
001001010010010101010010
010100000101000000100001
1110111
1111111
1111111
1111111
1111111
1111111
1111111
1111111
1111111
1111111
1111111
1111111
1111111
1111111
1111111
1111111
1111111
1111111
1111111
1111111
1111111
1111111
1111111
1111111
000000000000000000000001
000000000000000000000001
000000000000000000000001
000000000000000000000000
000000000000000000000001
000000000000000000000000
000000000000000000000000
001000000000000000000000
001000000000000000000000
001000000000000000000000
001000000000000000000000
001000000000000000000000
000000000000000000000000
000000000000000000000000
000000000010000000000000
000000000010000000000000
000000000010000000000000
000000000010000000000000
000000000010000000000000
000000000000000000000000
000000000000000000000000
000000000000000001000000
000000000000000001000000
000000000000000001000000
000000000000000001000000
000000000000000001000000
000000000000000000000000
000000000000000000000000
000000000000000000001000
000000000000100000000000
100000000000000000000000
100000000000000000000000
100000000000000000000000
000000000000000000000000
000000000000000000000000
000000000000000000000010
000000000000000000000010
000000000000000000000010
000000000000000000000010
000000000000000000000010
000000000000000000000000
000000000000000000000000
000000000001000000000000
000000000001000000000000
000000000001000000000000
000000000001000000000000
000000000001000000000000
000000000000000000000000
000000000000000000000000
000000000000010000000000
000000000000010000000000
000000000000010000000000
000000000000010000000000
000000000000010000000000
000000000000000000000000
000000000000000000000000
100000000000000000000000
000000001000000000000000
000010000000000000000000
000000000000000000000001
000000000000000000001000
000000000000000000000000
000000000000000000000000
000001000000000000000000
000001000000000000000000
000001000000000000000000
000001000000000000000000
000001000000000000000000
000000000000000000000000
000000000000000000000000
000000000000000100000000
000000000000000100000000
000000000000000100000000
000000000000000100000000
000000000000000100000000
000000000000000000000000
000000000000000000000000
000100000000000000000000
000100000000000000000000
000100000000000000000000
000100000000000000000000
000100000000000000000000
000000000000000000000000
000000000000000000000000
010000000000000000000000
010000000000000000000000
010000000000000000000000
010000000000000000000000
010000000000000000000000
000000000000000000000000
000000000000000000000000
000000000000001000000000
000000000000001000000000
000000000000001000000000
000000000000001000000000
000000000000001000000000
000000000000000000000000
000000000000000000000000
000000000000000000000100
000000000000000000000100
000000000000000000000100
000000000000000000000100
000000000000000000000100
000000000000000000000000
000000000000000000000000
000000000000100000000000
000000000000000000001000
000000000000000000001000
000010000000000000000000
000010000000000000000000
000000000000000000000000
000000000000000000000000
000000001000000000000000
000000000000000010000000
000000000000100000000000
000000001000000000000000
000000000000100000000000
000000000000000000000000
000000000000000000000000
000010000000000000000000
100000000000000000000000
000000000000000010000000
000000000000100000000000
000000001000000000000000
000000000000000000000000
000000000000000000000000
000000100000000000000000
000000100000000000000000
000000100000000000000000
000000100000000000000000
000000100000000000000000
000000000000000000000000
000000000000000000000000
000000000000000010000000
000010000000000000000000
000000001000000000000000
000000000000000000001000
000000000000000010000000
000000000000000000000000
000000000000000000000000
000000000000000000100000
000000000000000000100000
000000000000000000100000
000000000000000000100000
000000000000000000100000
000000000000000000000000
000000000000000000000000
000000000100000000000000
000000000100000000000000
000000000100000000000000
000000000100000000000000
000000000100000000000000
000000000000000000000000
000000000000000000000000
000000000000000000010000
000000000000000000010000
000000000000000000010000
000000000000000000010000
000000000000000000010000
000000000000000000000000
000000000000000000000000
000000010000000000000000
000000010000000000000000
000000010000000000000000
000000010000000000000000
000000010000000000000000
000000000000000000000000
000000000000000000000000
000000000000000000000001
001000000000000000000000
000000000010000000000000
000000000000000001000000
000000000000000010000000
000000000000000000000010
000000000001000000000000
000000000000010000000000
000000000000000000001000
000001000000000000000000
000000000000000100000000
000100000000000000000000
010000000000000000000000
000000000000001000000000
000000000000000000000100
000010000000000000000000
100000000000000000000000
000000001000000000000000
000000100000000000000000
000000000000100000000000
000000000000000000100000
000000000100000000000000
000000000000000000010000
000000010000000000000000
000000000000000000000001
001000000000000000000000
000000000010000000000000
000000000000000001000000
000000000000000010000000
000000000000000000000010
000000000001000000000000
000000000000010000000000
000000000000000000001000
000001000000000000000000
000000000000000100000000
000100000000000000000000
010000000000000000000000
000000000000001000000000
000000000000000000000100
000010000000000000000000
100000000000000000000000
000000001000000000000000
000000100000000000000000
000000000000100000000000
000000000000000000100000
000000000100000000000000
000000000000000000010000
000000010000000000000000
0
