12
101110111011
-1
-1
0
-1
-1
2
-1
4
-1
1
-1
-1
000000010000
110111110101
110111110111
111011101101
110111110111
111111011110
010101110111
011101111111
111111011110
011101011110
111011101111
011101111111
010101110111
110101101100
111111111111
011001010101
110101101100
010011000110
111111111111
110101101100
011001010101
110101101100
111111111111
010011000110
011001010101
111111111111111111111111111111111111111111111111111111111111111111111111111111111111
111111110111111111111111011111111111111111111111111111111111111111111111111111111111
011111110111111101111111011111110110101111100001111011111110111111101101111111011111
111111101111111111011011111111111111111111111101111111110111111111111100000111111111
111111111111111111111111101111111111111111111111111111110000011111111111111110111111
110111111101111111011011111110110110000011011011111100110111111101111111011111110111
001111111111111101111111111101111110011111101111111111111111111111111111111110111111
111101101111110011111110111111101111111011000001110111111101111111011111110110111111
111111111111111111111111111111111110000011111111111011111111111111111111111111101111
101111111011111110111111101101111111011111010001100101111111011011111110111111101111
001111111111111101111111111101111110011111101111111111111111111111111111111110111111
111111110111111111111111101110111111111111111111111111111111111111111111111111110011
