25
1111011101110111011001110
1111111111111111111111111111111111111111111111111111111111111111111111111111111111111111111111111111111111111111111111111111111111111111111111111111111111111111111111111111111
1111111111111111111111111111111111111111111111111111111111111111111111111111111111111111111111111111111111111111111111111111111111111111111111111111111111111111111111111111111
1101111111011111110110111111101111111011111110111111101101111111011111110111111101111111011011111110111111101111111011111110110111111101111111011111110111111101101111111011111
0111111101111111011111110111111101101111111011111110111111101111111011011111110111111101111111011111110110111111101111111011111110111111101101111111011111110111111101111111011
1111111111111111111111111111111111111111111111111111111111111111111111111111111111111111111111111111111111111111111111111111111111111111111111111111111111111111111111111111111
1111111111111111111111111111111111111111111111111111111111111111111111111111111111111111111111111111111111111111111111111111111111111111111111111111111111111111111111111111111
1111111111111111111111111111111111111111111111111111111111111111111111111111111111111111111111111111111111111111111111111111111111111111111111111111111111111111111111111111111
0111111101111111011111110111111101101111111011111110111111101111111011011111110111111101111111011111110110111111101111111011111110111111101101111111011111110111111101111111011
1111111111111111111111111111111111111111111111111111111111111111111111111111111111111111111111111111111111111111111111111111111111111111111111111111111111111111111111111111111
1111111111111111111111111111111111111111111111111111111111111111111111111111111111111111111111111111111111111111111111111111111111111111111111111111111111111111111111111111111
1111011011111110111111101111111011111110110111111101111111011111110111111101101111111011111110111111101111111011011111110111111101111111011111110110111111101111111011111110111
1111111111111111111111111111111111111111111111111111111111111111111111111111111111111111111111111111111111111111111111111111111111111111111111111111111111111111111111111111111
1111111111111111111111111111111111111111111111111111111111111111111111111111111111111111111111111111111111111111111111111111111111111111111111111111111111111111111111111111111
1111111111111111111111111111111111111111111111111111111111111111111111111111111111111111111111111111111111111111111111111111111111111111111111111111111111111111111111111111111
1101111111011111110110111111101111111011111110111111101101111111011111110111111101111111011011111110111111101111111011111110110111111101111111011111110111111101101111111011111
1011111110111111101111111011011111110111111101111111011111110110111111101111111011111110111111101101111111011111110111111101111111011011111110111111101111111011111110110111111
1111111111111111111111111111111111111111111111111111111111111111111111111111111111111111111111111111111111111111111111111111111111111111111111111111111111111111111111111111111
1111111111111111111111111111111111111111111111111111111111111111111111111111111111111111111111111111111111111111111111111111111111111111111111111111111111111111111111111111111
1111111111111111111111111111111111111111111111111111111111111111111111111111111111111111111111111111111111111111111111111111111111111111111111111111111111111111111111111111111
1111111111111111111111111111111111111111111111111111111111111111111111111111111111111111111111111111111111111111111111111111111111111111111111111111111111111111111111111111111
1011111110111111101111111011011111110111111101111111011111110110111111101111111011111110111111101101111111011111110111111101111111011011111110111111101111111011111110110111111
1111111111111111111111111111111111111111111111111111111111111111111111111111111111111111111111111111111111111111111111111111111111111111111111111111111111111111111111111111111
1110111111101101111111011111110111111101111111011011111110111111101111111011111110110111111101111111011111110111111101101111111011111110111111101111111011011111110111111101111
1111111111111111111111111111111111111111111111111111111111111111111111111111111111111111111111111111111111111111111111111111111111111111111111111111111111111111111111111111111
1111111111111111111111111111111111111111111111111111111111111111111111111111111111111111111111111111111111111111111111111111111111111111111111111111111111111111111111111111111
1101111111111111111111111
1111111111111111111111111
1111111111111111111111111
1111111111101111111110011
1111111111101111111110011
1111111111111111111111111
1111111111101111111110011
1011111110101001110110001
1011111110111001110111101
1111111111111111111111111
1111111111111111111111111
0011101011101101111110011
0010100010011000100111101
1011111111111101111111111
1101111110111011110111101
1111111110111011110111101
1011111111111101111111111
1111111111111111111111111
0011101011111101111111111
1111111110101011110110001
1111111111111111111111111
1111111111111111111111111
1111111110101011110110001
0111101011101111111110011
0101101011111111111111111
1000101010001010100111001
0110100110101101101110101
0110100110101101101110101
0001110011011000110110011
1111111111111111111111111
0001110011011000110110011
1000101010001010100111001
0110100110101101101110101
1111111111111111111111111
0001110011011000110110011
0110100110101101101110101
0001110011011000110110011
1111111111111111111111111
0110100110101101101110101
1000101010001010100111001
0110100110101101101110101
1111111111111111111111111
0001110011011000110110011
0110100110101101101110101
1111111111111111111111111
1111111111111111111111111
1000101010001010100111001
0110100110101101101110101
0001110011011000110110011
1111111111111111111111111
