25
1111011101110111011001110
-1
-1
2
0
-1
-1
-1
0
-1
-1
4
-1
-1
-1
2
1
-1
-1
-1
-1
1
-1
3
-1
-1
0001000000100000000000000
1111111111111111111111111
1111111111111111111111111
1111111111111111111111111
1111111111101111111110011
1011111111111101111111111
1111111111111111111111111
1111111111111111111111111
1011111111101101111110011
1111111111111111111111111
1111111111111111111111111
1111111111111111111111111
1011111111111101111111111
1111111111111111111111111
1111111111101111111110011
1011111111111101111111111
1111111111101111111110011
1111111111111111111111111
1011111111111101111111111
1011111111101101111110011
0111101011111111111111111
1111111111111111111111111
1111111111111111111111111
0111101011111111111111111
1111111111111111111111111
0111101011111111111111111
1000101010001010100111001
0110100110101101101110101
0110100110101101101110101
0001110011011000110110011
1111111111111111111111111
0001110011011000110110011
1000101010001010100111001
0110100110101101101110101
1111111111111111111111111
0001110011011000110110011
0110100110101101101110101
0001110011011000110110011
1111111111111111111111111
0110100110101101101110101
1000101010001010100111001
0110100110101101101110101
1111111111111111111111111
0001110011011000110110011
0110100110101101101110101
1111111111111111111111111
1111111111111111111111111
1000101010001010100111001
0110100110101101101110101
0001110011011000110110011
1111111111111111111111111
