36
111101011111101110101110111001101101
-1
-1
-1
-1
0
-1
-1
0
-1
4
-1
2
-1
0
-1
4
-1
-1
1
-1
-1
-1
-1
2
-1
-1
-1
-1
3
-1
-1
1
-1
-1
3
-1
001000000000000000000010010000000000
111110111101111001111101101111010111
101111111111110101010111110111010011
100111100110111101110011011110010110
000010100000010001010001000110010010
010011100010011111111011011110111110
101111111111111111110111111111111111
100111100110110111010011010110111010
000011100010011101110011011110010110
001011111011010111010111110111111011
100011100110110111010011010110111010
001010111001011001110101101111010111
010111100010011111111011011110111110
001011111011011101110111111111010111
110111100110111101111011011110010110
000111100010010101010011010110010010
111010111101110001011101100111010011
110111100110111101111011011110010110
010011100010011101111011011110010110
100111100110111101110011011110010110
010111100010010111011011010110111010
010111100010010111011011010110111010
100110100100110011010001000110111010
110011100110111111111011011110111110
010111100010011111111011011110111110
100011100110111101110011011110010110
110010100100111001111001001110010110
011111111011011101111111111111010111
101111111111110101010111110111010011
110111100110111111111011011110111110
000010100000011001110001001110010110
001010111001011011110101101111111111
111011111111111101111111111111010111
101111111111110111010111110111111011
110111100110111101111011011110010110
010011100010011101111011011110010110
111010111101110011011101100111111011
100010100010010001011001000110110010
010110100000110101110011001110011010
001011110101011011010101010111010110
010110100000110101110011001110011010
111111111111111111111111111111111111
001011110101011011010101010111010110
111111111111111111111111111111111111
001011110101011011010101010111010110
000010101000010001010001100110010010
001011110101011011010101010111010110
100010100010010001011001000110110010
001011110101011011010101010111010110
010110100000110101110011001110011010
111111111111111111111111111111111111
001011110101011011010101010111010110
010110100000110101110011001110011010
001011110101011011010101010111010110
111111111111111111111111111111111111
010110100000110101110011001110011010
111111111111111111111111111111111111
100010100010010001011001000110110010
001011110101011011010101010111010110
010110100000110101110011001110011010
111111111111111111111111111111111111
000010101000010001010001100110010010
001011110101011011010101010111010110
010110100000110101110011001110011010
111111111111111111111111111111111111
111111111111111111111111111111111111
001011110101011011010101010111010110
100010100010010001011001000110110010
111111111111111111111111111111111111
010110100000110101110011001110011010
001011110101011011010101010111010110
111111111111111111111111111111111111
000010100000010001010001000110010011
