36
111101011111101110101110111001101101
111111111111111111111111111111111111111111111111111111111111111111111111111111111111111111111111111111111111111111111111111111111111111111111111111111111111111111111111111111111111111111111111111111111111111111111111111111111111111111111111111111111111
111111111111111111111111111111111111111111111111111111111111111111111111111111111111111111111111111111111111111111111111111111111111111111111111111111111111111111111111111111111111111111111111111111111111111111111111111111111111111111111111111111111111
111111111111111111111111111111111111111111111111111111111111111111111111111111111111111111111111111111111111111111111111111111111111111111111111111111111111111111111111111111111111111111111111111111111111111111111111111111111111111111111111111111111111
111111111111111111111111111111111111111111111111111111111111111111111111111111111111111111111111111111111111111111111111111111111111111111111111111111111111111111111111111111111111111111111111111111111111111111111111111111111111111111111111111111111111
011111110111111101111111011111110110111111101111111011111110111111101101111111011111110111111101111111011011111110111111101111111011111110110111111101111111011111110111111101101111111011111110111111101111111011011111110111111101111111011111110110111111
111111111111111111111111111111111111111111111111111111111111111111111111111111111111111111111111111111111111111111111111111111111111111111111111111111111111111111111111111111111111111111111111111111111111111111111111111111111111111111111111111111111111
111111111111111111111111111111111111111111111111111111111111111111111111111111111111111111111111111111111111111111111111111111111111111111111111111111111111111111111111111111111111111111111111111111111111111111111111111111111111111111111111111111111111
011111110111111101111111011111110110111111101111111011111110111111101101111111011111110111111101111111011011111110111111101111111011111110110111111101111111011111110111111101101111111011111110111111101111111011011111110111111101111111011111110110111111
111111111111111111111111111111111111111111111111111111111111111111111111111111111111111111111111111111111111111111111111111111111111111111111111111111111111111111111111111111111111111111111111111111111111111111111111111111111111111111111111111111111111
111101101111111011111110111111101111111011011111110111111101111111011111110110111111101111111011111110111111101101111111011111110111111101111111011011111110111111101111111011111110110111111101111111011111110111111101101111111011111110111111101111111011
111111111111111111111111111111111111111111111111111111111111111111111111111111111111111111111111111111111111111111111111111111111111111111111111111111111111111111111111111111111111111111111111111111111111111111111111111111111111111111111111111111111111
110111111101111111011011111110111111101111111011111110110111111101111111011111110111111101101111111011111110111111101111111011011111110111111101111111011111110110111111101111111011111110111111101101111111011111110111111101111111011011111110111111101111
111111111111111111111111111111111111111111111111111111111111111111111111111111111111111111111111111111111111111111111111111111111111111111111111111111111111111111111111111111111111111111111111111111111111111111111111111111111111111111111111111111111111
011111110111111101111111011111110110111111101111111011111110111111101101111111011111110111111101111111011011111110111111101111111011111110110111111101111111011111110111111101101111111011111110111111101111111011011111110111111101111111011111110110111111
111111111111111111111111111111111111111111111111111111111111111111111111111111111111111111111111111111111111111111111111111111111111111111111111111111111111111111111111111111111111111111111111111111111111111111111111111111111111111111111111111111111111
111101101111111011111110111111101111111011011111110111111101111111011111110110111111101111111011111110111111101101111111011111110111111101111111011011111110111111101111111011111110110111111101111111011111110111111101101111111011111110111111101111111011
111111111111111111111111111111111111111111111111111111111111111111111111111111111111111111111111111111111111111111111111111111111111111111111111111111111111111111111111111111111111111111111111111111111111111111111111111111111111111111111111111111111111
111111111111111111111111111111111111111111111111111111111111111111111111111111111111111111111111111111111111111111111111111111111111111111111111111111111111111111111111111111111111111111111111111111111111111111111111111111111111111111111111111111111111
101111111011111110111111101101111111011111110111111101111111011011111110111111101111111011111110110111111101111111011111110111111101101111111011111110111111101111111011011111110111111101111111011111110110111111101111111011111110111111101101111111011111
111111111111111111111111111111111111111111111111111111111111111111111111111111111111111111111111111111111111111111111111111111111111111111111111111111111111111111111111111111111111111111111111111111111111111111111111111111111111111111111111111111111111
111111111111111111111111111111111111111111111111111111111111111111111111111111111111111111111111111111111111111111111111111111111111111111111111111111111111111111111111111111111111111111111111111111111111111111111111111111111111111111111111111111111111
111111111111111111111111111111111111111111111111111111111111111111111111111111111111111111111111111111111111111111111111111111111111111111111111111111111111111111111111111111111111111111111111111111111111111111111111111111111111111111111111111111111111
111111111111111111111111111111111111111111111111111111111111111111111111111111111111111111111111111111111111111111111111111111111111111111111111111111111111111111111111111111111111111111111111111111111111111111111111111111111111111111111111111111111111
110111111101111111011011111110111111101111111011111110110111111101111111011111110111111101101111111011111110111111101111111011011111110111111101111111011111110110111111101111111011111110111111101101111111011111110111111101111111011011111110111111101111
111111111111111111111111111111111111111111111111111111111111111111111111111111111111111111111111111111111111111111111111111111111111111111111111111111111111111111111111111111111111111111111111111111111111111111111111111111111111111111111111111111111111
111111111111111111111111111111111111111111111111111111111111111111111111111111111111111111111111111111111111111111111111111111111111111111111111111111111111111111111111111111111111111111111111111111111111111111111111111111111111111111111111111111111111
111111111111111111111111111111111111111111111111111111111111111111111111111111111111111111111111111111111111111111111111111111111111111111111111111111111111111111111111111111111111111111111111111111111111111111111111111111111111111111111111111111111111
111111111111111111111111111111111111111111111111111111111111111111111111111111111111111111111111111111111111111111111111111111111111111111111111111111111111111111111111111111111111111111111111111111111111111111111111111111111111111111111111111111111111
111011111110110111111101111111011111110111111101101111111011111110111111101111111011011111110111111101111111011111110110111111101111111011111110111111101101111111011111110111111101111111011011111110111111101111111011111110110111111101111111011111110111
111111111111111111111111111111111111111111111111111111111111111111111111111111111111111111111111111111111111111111111111111111111111111111111111111111111111111111111111111111111111111111111111111111111111111111111111111111111111111111111111111111111111
111111111111111111111111111111111111111111111111111111111111111111111111111111111111111111111111111111111111111111111111111111111111111111111111111111111111111111111111111111111111111111111111111111111111111111111111111111111111111111111111111111111111
101111111011111110111111101101111111011111110111111101111111011011111110111111101111111011111110110111111101111111011111110111111101101111111011111110111111101111111011011111110111111101111111011111110110111111101111111011111110111111101101111111011111
111111111111111111111111111111111111111111111111111111111111111111111111111111111111111111111111111111111111111111111111111111111111111111111111111111111111111111111111111111111111111111111111111111111111111111111111111111111111111111111111111111111111
111111111111111111111111111111111111111111111111111111111111111111111111111111111111111111111111111111111111111111111111111111111111111111111111111111111111111111111111111111111111111111111111111111111111111111111111111111111111111111111111111111111111
111011111110110111111101111111011111110111111101101111111011111110111111101111111011011111110111111101111111011111110110111111101111111011111110111111101101111111011111110111111101111111011011111110111111101111111011111110110111111101111111011111110111
111111111111111111111111111111111111111111111111111111111111111111111111111111111111111111111111111111111111111111111111111111111111111111111111111111111111111111111111111111111111111111111111111111111111111111111111111111111111111111111111111111111111
001000000000000000000010010000000000
000111100010010101010011010110010010
100110100100111011110001001110111110
100010100100110001010001000110010010
110011100110111111111011011110111110
010111100010011111111011011110111110
000010100000011001110001001110010110
000111100010010111010011010110111010
110010100100110011011001000110111010
110111100110110101011011010110010010
010110100000010001011001000110010010
111111111111110111011111110111111011
100010100100111011110001001110111110
100011100110110101010011010110010010
010011100010010101011011010110010010
010011100010010111011011010110111010
001111111011011111110111111111111111
010111100010011111111011011110111110
110010100100110001011001000110010010
011110111001011001111101101111010111
110111100110111101111011011110010110
010110100000011011111001001110111110
110111100110111111111011011110111110
010011100010011111111011011110111110
101110111101110001010101100111010011
100110100100111001110001001110010110
000110100000011011110001001110111110
101111111111111101110111111111010111
100110100100111011110001001110111110
111111111111111101111111111111010111
110011100110110101011011010110010010
010111100010011101111011011110010110
000111100010010111010011010110111010
000011100010011111110011011110111110
010010100000011001111001001110010110
100110100100111011110001001110111110
000111100010010111010011010110111010
100010100010010001011001000110110010
010110100000110101110011001110011010
001011110101011011010101010111010110
010110100000110101110011001110011010
111111111111111111111111111111111111
001011110101011011010101010111010110
111111111111111111111111111111111111
001011110101011011010101010111010110
000010101000010001010001100110010010
001011110101011011010101010111010110
100010100010010001011001000110110010
001011110101011011010101010111010110
010110100000110101110011001110011010
111111111111111111111111111111111111
001011110101011011010101010111010110
010110100000110101110011001110011010
001011110101011011010101010111010110
111111111111111111111111111111111111
010110100000110101110011001110011010
111111111111111111111111111111111111
100010100010010001011001000110110010
001011110101011011010101010111010110
010110100000110101110011001110011010
111111111111111111111111111111111111
000010101000010001010001100110010010
001011110101011011010101010111010110
010110100000110101110011001110011010
111111111111111111111111111111111111
111111111111111111111111111111111111
001011110101011011010101010111010110
100010100010010001011001000110110010
111111111111111111111111111111111111
010110100000110101110011001110011010
001011110101011011010101010111010110
111111111111111111111111111111111111
000010100000010001010001000110010011
