36
111101011111101110101110111001101101
-1
-1
-1
-1
0
-1
-1
0
-1
4
-1
2
-1
0
-1
4
-1
-1
1
-1
-1
-1
-1
2
-1
-1
-1
-1
3
-1
-1
1
-1
-1
3
-1
001000000000000000000010010000000000
101111111111111111110111111111111111
001111111011010111010111110111111011
010010100000011011111001001110111110
010011100010011101111011011110010110
010111100010011111111011011110111110
110110100100111001111001001110010110
110011100110111101111011011110010110
101011111111111101110111111111010111
000111100010011111110011011110111110
000111100010010111010011010110111010
010111100010011101111011011110010110
000111100010010101010011010110010010
010111100010011111111011011110111110
010110100000011001111001001110010110
100111100110110111010011010110111010
000111100010011101110011011110010110
111010111101110011011101100111111011
000111100010011101110011011110010110
111110111101111011111101101111111111
010111100010010101011011010110010010
000011100010010111010011010110111010
100111100110111101110011011110010110
110111100110111101111011011110010110
010011100010011101111011011110010110
010111100010011101111011011110010110
110110100100111011111001001110111110
101110111101111011110101101111111111
011111111011010101011111110111010011
001111111011010111010111110111111011
101111111111111111110111111111111111
000011100010011101110011011110010110
101111111111110101010111110111010011
000011100010011101110011011110010110
111111111111111111111111111111111111
011111111011010101011111110111010011
100111100110111101110011011110010110
100010100010010001011001000110110010
010110100000110101110011001110011010
001011110101011011010101010111010110
010110100000110101110011001110011010
111111111111111111111111111111111111
001011110101011011010101010111010110
111111111111111111111111111111111111
001011110101011011010101010111010110
000010101000010001010001100110010010
001011110101011011010101010111010110
100010100010010001011001000110110010
001011110101011011010101010111010110
010110100000110101110011001110011010
111111111111111111111111111111111111
001011110101011011010101010111010110
010110100000110101110011001110011010
001011110101011011010101010111010110
111111111111111111111111111111111111
010110100000110101110011001110011010
111111111111111111111111111111111111
100010100010010001011001000110110010
001011110101011011010101010111010110
010110100000110101110011001110011010
111111111111111111111111111111111111
000010101000010001010001100110010010
001011110101011011010101010111010110
010110100000110101110011001110011010
111111111111111111111111111111111111
111111111111111111111111111111111111
001011110101011011010101010111010110
100010100010010001011001000110110010
111111111111111111111111111111111111
010110100000110101110011001110011010
001011110101011011010101010111010110
111111111111111111111111111111111111
000010100000010001010001000110010011
