36
111101011111101110101110111001101101
111111111111111111111111111111111111111111111111111111111111111111111111111111111111111111111111111111111111111111111111111111111111111111111111111111111111111111111111111111111111111111111111111111111111111111111111111111111111111111111111111111111111
111111111111111111111111111111111111111111111111111111111111111111111111111111111111111111111111111111111111111111111111111111111111111111111111111111111111111111111111111111111111111111111111111111111111111111111111111111111111111111111111111111111111
111111111111111111111111111111111111111111111111111111111111111111111111111111111111111111111111111111111111111111111111111111111111111111111111111111111111111111111111111111111111111111111111111111111111111111111111111111111111111111111111111111111111
111111111111111111111111111111111111111111111111111111111111111111111111111111111111111111111111111111111111111111111111111111111111111111111111111111111111111111111111111111111111111111111111111111111111111111111111111111111111111111111111111111111111
011111110111111101111111011111110110111111101111111011111110111111101101111111011111110111111101111111011011111110111111101111111011111110110111111101111111011111110111111101101111111011111110111111101111111011011111110111111101111111011111110110111111
111111111111111111111111111111111111111111111111111111111111111111111111111111111111111111111111111111111111111111111111111111111111111111111111111111111111111111111111111111111111111111111111111111111111111111111111111111111111111111111111111111111111
111111111111111111111111111111111111111111111111111111111111111111111111111111111111111111111111111111111111111111111111111111111111111111111111111111111111111111111111111111111111111111111111111111111111111111111111111111111111111111111111111111111111
011111110111111101111111011111110110111111101111111011111110111111101101111111011111110111111101111111011011111110111111101111111011111110110111111101111111011111110111111101101111111011111110111111101111111011011111110111111101111111011111110110111111
111111111111111111111111111111111111111111111111111111111111111111111111111111111111111111111111111111111111111111111111111111111111111111111111111111111111111111111111111111111111111111111111111111111111111111111111111111111111111111111111111111111111
111101101111111011111110111111101111111011011111110111111101111111011111110110111111101111111011111110111111101101111111011111110111111101111111011011111110111111101111111011111110110111111101111111011111110111111101101111111011111110111111101111111011
111111111111111111111111111111111111111111111111111111111111111111111111111111111111111111111111111111111111111111111111111111111111111111111111111111111111111111111111111111111111111111111111111111111111111111111111111111111111111111111111111111111111
110111111101111111011011111110111111101111111011111110110111111101111111011111110111111101101111111011111110111111101111111011011111110111111101111111011111110110111111101111111011111110111111101101111111011111110111111101111111011011111110111111101111
111111111111111111111111111111111111111111111111111111111111111111111111111111111111111111111111111111111111111111111111111111111111111111111111111111111111111111111111111111111111111111111111111111111111111111111111111111111111111111111111111111111111
011111110111111101111111011111110110111111101111111011111110111111101101111111011111110111111101111111011011111110111111101111111011111110110111111101111111011111110111111101101111111011111110111111101111111011011111110111111101111111011111110110111111
111111111111111111111111111111111111111111111111111111111111111111111111111111111111111111111111111111111111111111111111111111111111111111111111111111111111111111111111111111111111111111111111111111111111111111111111111111111111111111111111111111111111
111101101111111011111110111111101111111011011111110111111101111111011111110110111111101111111011111110111111101101111111011111110111111101111111011011111110111111101111111011111110110111111101111111011111110111111101101111111011111110111111101111111011
111111111111111111111111111111111111111111111111111111111111111111111111111111111111111111111111111111111111111111111111111111111111111111111111111111111111111111111111111111111111111111111111111111111111111111111111111111111111111111111111111111111111
111111111111111111111111111111111111111111111111111111111111111111111111111111111111111111111111111111111111111111111111111111111111111111111111111111111111111111111111111111111111111111111111111111111111111111111111111111111111111111111111111111111111
101111111011111110111111101101111111011111110111111101111111011011111110111111101111111011111110110111111101111111011111110111111101101111111011111110111111101111111011011111110111111101111111011111110110111111101111111011111110111111101101111111011111
111111111111111111111111111111111111111111111111111111111111111111111111111111111111111111111111111111111111111111111111111111111111111111111111111111111111111111111111111111111111111111111111111111111111111111111111111111111111111111111111111111111111
111111111111111111111111111111111111111111111111111111111111111111111111111111111111111111111111111111111111111111111111111111111111111111111111111111111111111111111111111111111111111111111111111111111111111111111111111111111111111111111111111111111111
111111111111111111111111111111111111111111111111111111111111111111111111111111111111111111111111111111111111111111111111111111111111111111111111111111111111111111111111111111111111111111111111111111111111111111111111111111111111111111111111111111111111
111111111111111111111111111111111111111111111111111111111111111111111111111111111111111111111111111111111111111111111111111111111111111111111111111111111111111111111111111111111111111111111111111111111111111111111111111111111111111111111111111111111111
110111111101111111011011111110111111101111111011111110110111111101111111011111110111111101101111111011111110111111101111111011011111110111111101111111011111110110111111101111111011111110111111101101111111011111110111111101111111011011111110111111101111
111111111111111111111111111111111111111111111111111111111111111111111111111111111111111111111111111111111111111111111111111111111111111111111111111111111111111111111111111111111111111111111111111111111111111111111111111111111111111111111111111111111111
111111111111111111111111111111111111111111111111111111111111111111111111111111111111111111111111111111111111111111111111111111111111111111111111111111111111111111111111111111111111111111111111111111111111111111111111111111111111111111111111111111111111
111111111111111111111111111111111111111111111111111111111111111111111111111111111111111111111111111111111111111111111111111111111111111111111111111111111111111111111111111111111111111111111111111111111111111111111111111111111111111111111111111111111111
111111111111111111111111111111111111111111111111111111111111111111111111111111111111111111111111111111111111111111111111111111111111111111111111111111111111111111111111111111111111111111111111111111111111111111111111111111111111111111111111111111111111
111011111110110111111101111111011111110111111101101111111011111110111111101111111011011111110111111101111111011111110110111111101111111011111110111111101101111111011111110111111101111111011011111110111111101111111011111110110111111101111111011111110111
111111111111111111111111111111111111111111111111111111111111111111111111111111111111111111111111111111111111111111111111111111111111111111111111111111111111111111111111111111111111111111111111111111111111111111111111111111111111111111111111111111111111
111111111111111111111111111111111111111111111111111111111111111111111111111111111111111111111111111111111111111111111111111111111111111111111111111111111111111111111111111111111111111111111111111111111111111111111111111111111111111111111111111111111111
101111111011111110111111101101111111011111110111111101111111011011111110111111101111111011111110110111111101111111011111110111111101101111111011111110111111101111111011011111110111111101111111011111110110111111101111111011111110111111101101111111011111
111111111111111111111111111111111111111111111111111111111111111111111111111111111111111111111111111111111111111111111111111111111111111111111111111111111111111111111111111111111111111111111111111111111111111111111111111111111111111111111111111111111111
111111111111111111111111111111111111111111111111111111111111111111111111111111111111111111111111111111111111111111111111111111111111111111111111111111111111111111111111111111111111111111111111111111111111111111111111111111111111111111111111111111111111
111011111110110111111101111111011111110111111101101111111011111110111111101111111011011111110111111101111111011111110110111111101111111011111110111111101101111111011111110111111101111111011011111110111111101111111011111110110111111101111111011111110111
111111111111111111111111111111111111111111111111111111111111111111111111111111111111111111111111111111111111111111111111111111111111111111111111111111111111111111111111111111111111111111111111111111111111111111111111111111111111111111111111111111111111
001000000000000000000010010000000000
000111100010010101010011010110010010
110011100110111101111011011110010110
010011100010011111111011011110111110
101111111111111111110111111111111111
011111111011011111111111111111111111
110111100110110101011011010110010010
100010100100111011110001001110111110
001111111011010101010111110111010011
010111100010011111111011011110111110
000111100010011111110011011110111110
110110100100111001111001001110010110
100111100110110111010011010110111010
101110111101110001010101100111010011
111110111101110001011101100111010011
011011111011011111111111111111111111
111110111101110001011101100111010011
010011100010010101011011010110010010
110111100110111111111011011110111110
010111100010011111111011011110111110
010110100000011011111001001110111110
100111100110111111110011011110111110
010111100010010111011011010110111010
110011100110111111111011011110111110
110011100110111111111011011110111110
110110100100110001011001000110010010
100011100110110101010011010110010010
100111100110110101010011010110010010
001010111001011011110101101111111111
110111100110110111011011010110111010
010111100010011111111011011110111110
000111100010011111110011011110111110
000011100010011111110011011110111110
101111111111110101010111110111010011
011111111011011111111111111111111111
000111100010010101010011010110010010
111011111111111111111111111111111111
100010100010010001011001000110110010
010110100000110101110011001110011010
001011110101011011010101010111010110
010110100000110101110011001110011010
111111111111111111111111111111111111
001011110101011011010101010111010110
111111111111111111111111111111111111
001011110101011011010101010111010110
000010101000010001010001100110010010
001011110101011011010101010111010110
100010100010010001011001000110110010
001011110101011011010101010111010110
010110100000110101110011001110011010
111111111111111111111111111111111111
001011110101011011010101010111010110
010110100000110101110011001110011010
001011110101011011010101010111010110
111111111111111111111111111111111111
010110100000110101110011001110011010
111111111111111111111111111111111111
100010100010010001011001000110110010
001011110101011011010101010111010110
010110100000110101110011001110011010
111111111111111111111111111111111111
000010101000010001010001100110010010
001011110101011011010101010111010110
010110100000110101110011001110011010
111111111111111111111111111111111111
111111111111111111111111111111111111
001011110101011011010101010111010110
100010100010010001011001000110110010
111111111111111111111111111111111111
010110100000110101110011001110011010
001011110101011011010101010111010110
111111111111111111111111111111111111
000010100000010001010001000110010011
