36
111101011111101110101110111001101101
111111111111111111111111111111111111111111111111111111111111111111111111111111111111111111111111111111111111111111111111111111111111111111111111111111111111111111111111111111111111111111111111111111111111111111111111111111111111111111111111111111111111
111111111111111111111111111111111111111111111111111111111111111111111111111111111111111111111111111111111111111111111111111111111111111111111111111111111111111111111111111111111111111111111111111111111111111111111111111111111111111111111111111111111111
111111111111111111111111111111111111111111111111111111111111111111111111111111111111111111111111111111111111111111111111111111111111111111111111111111111111111111111111111111111111111111111111111111111111111111111111111111111111111111111111111111111111
111111111111111111111111111111111111111111111111111111111111111111111111111111111111111111111111111111111111111111111111111111111111111111111111111111111111111111111111111111111111111111111111111111111111111111111111111111111111111111111111111111111111
011111110111111101111111011111110110111111101111111011111110111111101101111111011111110111111101111111011011111110111111101111111011111110110111111101111111011111110111111101101111111011111110111111101111111011011111110111111101111111011111110110111111
111111111111111111111111111111111111111111111111111111111111111111111111111111111111111111111111111111111111111111111111111111111111111111111111111111111111111111111111111111111111111111111111111111111111111111111111111111111111111111111111111111111111
111111111111111111111111111111111111111111111111111111111111111111111111111111111111111111111111111111111111111111111111111111111111111111111111111111111111111111111111111111111111111111111111111111111111111111111111111111111111111111111111111111111111
011111110111111101111111011111110110111111101111111011111110111111101101111111011111110111111101111111011011111110111111101111111011111110110111111101111111011111110111111101101111111011111110111111101111111011011111110111111101111111011111110110111111
111111111111111111111111111111111111111111111111111111111111111111111111111111111111111111111111111111111111111111111111111111111111111111111111111111111111111111111111111111111111111111111111111111111111111111111111111111111111111111111111111111111111
111101101111111011111110111111101111111011011111110111111101111111011111110110111111101111111011111110111111101101111111011111110111111101111111011011111110111111101111111011111110110111111101111111011111110111111101101111111011111110111111101111111011
111111111111111111111111111111111111111111111111111111111111111111111111111111111111111111111111111111111111111111111111111111111111111111111111111111111111111111111111111111111111111111111111111111111111111111111111111111111111111111111111111111111111
110111111101111111011011111110111111101111111011111110110111111101111111011111110111111101101111111011111110111111101111111011011111110111111101111111011111110110111111101111111011111110111111101101111111011111110111111101111111011011111110111111101111
111111111111111111111111111111111111111111111111111111111111111111111111111111111111111111111111111111111111111111111111111111111111111111111111111111111111111111111111111111111111111111111111111111111111111111111111111111111111111111111111111111111111
011111110111111101111111011111110110111111101111111011111110111111101101111111011111110111111101111111011011111110111111101111111011111110110111111101111111011111110111111101101111111011111110111111101111111011011111110111111101111111011111110110111111
111111111111111111111111111111111111111111111111111111111111111111111111111111111111111111111111111111111111111111111111111111111111111111111111111111111111111111111111111111111111111111111111111111111111111111111111111111111111111111111111111111111111
111101101111111011111110111111101111111011011111110111111101111111011111110110111111101111111011111110111111101101111111011111110111111101111111011011111110111111101111111011111110110111111101111111011111110111111101101111111011111110111111101111111011
111111111111111111111111111111111111111111111111111111111111111111111111111111111111111111111111111111111111111111111111111111111111111111111111111111111111111111111111111111111111111111111111111111111111111111111111111111111111111111111111111111111111
111111111111111111111111111111111111111111111111111111111111111111111111111111111111111111111111111111111111111111111111111111111111111111111111111111111111111111111111111111111111111111111111111111111111111111111111111111111111111111111111111111111111
101111111011111110111111101101111111011111110111111101111111011011111110111111101111111011111110110111111101111111011111110111111101101111111011111110111111101111111011011111110111111101111111011111110110111111101111111011111110111111101101111111011111
111111111111111111111111111111111111111111111111111111111111111111111111111111111111111111111111111111111111111111111111111111111111111111111111111111111111111111111111111111111111111111111111111111111111111111111111111111111111111111111111111111111111
111111111111111111111111111111111111111111111111111111111111111111111111111111111111111111111111111111111111111111111111111111111111111111111111111111111111111111111111111111111111111111111111111111111111111111111111111111111111111111111111111111111111
111111111111111111111111111111111111111111111111111111111111111111111111111111111111111111111111111111111111111111111111111111111111111111111111111111111111111111111111111111111111111111111111111111111111111111111111111111111111111111111111111111111111
111111111111111111111111111111111111111111111111111111111111111111111111111111111111111111111111111111111111111111111111111111111111111111111111111111111111111111111111111111111111111111111111111111111111111111111111111111111111111111111111111111111111
110111111101111111011011111110111111101111111011111110110111111101111111011111110111111101101111111011111110111111101111111011011111110111111101111111011111110110111111101111111011111110111111101101111111011111110111111101111111011011111110111111101111
111111111111111111111111111111111111111111111111111111111111111111111111111111111111111111111111111111111111111111111111111111111111111111111111111111111111111111111111111111111111111111111111111111111111111111111111111111111111111111111111111111111111
111111111111111111111111111111111111111111111111111111111111111111111111111111111111111111111111111111111111111111111111111111111111111111111111111111111111111111111111111111111111111111111111111111111111111111111111111111111111111111111111111111111111
111111111111111111111111111111111111111111111111111111111111111111111111111111111111111111111111111111111111111111111111111111111111111111111111111111111111111111111111111111111111111111111111111111111111111111111111111111111111111111111111111111111111
111111111111111111111111111111111111111111111111111111111111111111111111111111111111111111111111111111111111111111111111111111111111111111111111111111111111111111111111111111111111111111111111111111111111111111111111111111111111111111111111111111111111
111011111110110111111101111111011111110111111101101111111011111110111111101111111011011111110111111101111111011111110110111111101111111011111110111111101101111111011111110111111101111111011011111110111111101111111011111110110111111101111111011111110111
111111111111111111111111111111111111111111111111111111111111111111111111111111111111111111111111111111111111111111111111111111111111111111111111111111111111111111111111111111111111111111111111111111111111111111111111111111111111111111111111111111111111
111111111111111111111111111111111111111111111111111111111111111111111111111111111111111111111111111111111111111111111111111111111111111111111111111111111111111111111111111111111111111111111111111111111111111111111111111111111111111111111111111111111111
101111111011111110111111101101111111011111110111111101111111011011111110111111101111111011111110110111111101111111011111110111111101101111111011111110111111101111111011011111110111111101111111011111110110111111101111111011111110111111101101111111011111
111111111111111111111111111111111111111111111111111111111111111111111111111111111111111111111111111111111111111111111111111111111111111111111111111111111111111111111111111111111111111111111111111111111111111111111111111111111111111111111111111111111111
111111111111111111111111111111111111111111111111111111111111111111111111111111111111111111111111111111111111111111111111111111111111111111111111111111111111111111111111111111111111111111111111111111111111111111111111111111111111111111111111111111111111
111011111110110111111101111111011111110111111101101111111011111110111111101111111011011111110111111101111111011111110110111111101111111011111110111111101101111111011111110111111101111111011011111110111111101111111011111110110111111101111111011111110111
111111111111111111111111111111111111111111111111111111111111111111111111111111111111111111111111111111111111111111111111111111111111111111111111111111111111111111111111111111111111111111111111111111111111111111111111111111111111111111111111111111111111
001000000000000000000010010000000000
110011100110111111111011011110111110
010110100000010011011001000110111010
100111100110111111110011011110111110
110111100110111111111011011110111110
111111111111111101111111111111010111
001111111011011101110111111111010111
101011111111111111110111111111111111
000111100010011111110011011110111110
111010111101111011111101101111111111
110111100110110111011011010110111010
100111100110110101010011010110010010
000011100010011111110011011110111110
101111111111110101010111110111010011
000011100010010111010011010110111010
111111111111111111111111111111111111
010111100010010101011011010110010010
111111111111111101111111111111010111
111011111111110101011111110111010011
111011111111110101011111110111010011
011111111011010111011111110111111011
110111100110110111011011010110111010
110111100110110111011011010110111010
010111100010011101111011011110010110
001111111011011101110111111111010111
110111100110111111111011011110111110
111011111111110101011111110111010011
000111100010010111010011010110111010
100111100110110111010011010110111010
001011111011011111110111111111111111
011111111011011101111111111111010111
000111100010010101010011010110010010
000111100010011101110011011110010110
101110111101111001110101101111010111
101111111111110101010111110111010011
011011111011011111111111111111111111
011110111001011001111101101111010111
100010100010010001011001000110110010
010110100000110101110011001110011010
001011110101011011010101010111010110
010110100000110101110011001110011010
111111111111111111111111111111111111
001011110101011011010101010111010110
111111111111111111111111111111111111
001011110101011011010101010111010110
000010101000010001010001100110010010
001011110101011011010101010111010110
100010100010010001011001000110110010
001011110101011011010101010111010110
010110100000110101110011001110011010
111111111111111111111111111111111111
001011110101011011010101010111010110
010110100000110101110011001110011010
001011110101011011010101010111010110
111111111111111111111111111111111111
010110100000110101110011001110011010
111111111111111111111111111111111111
100010100010010001011001000110110010
001011110101011011010101010111010110
010110100000110101110011001110011010
111111111111111111111111111111111111
000010101000010001010001100110010010
001011110101011011010101010111010110
010110100000110101110011001110011010
111111111111111111111111111111111111
111111111111111111111111111111111111
001011110101011011010101010111010110
100010100010010001011001000110110010
111111111111111111111111111111111111
010110100000110101110011001110011010
001011110101011011010101010111010110
111111111111111111111111111111111111
000010100000010001010001000110010011
