36
111101011111101110101110111001101101
-1
-1
-1
-1
0
-1
-1
0
-1
4
-1
2
-1
0
-1
4
-1
-1
1
-1
-1
-1
-1
2
-1
-1
-1
-1
3
-1
-1
1
-1
-1
3
-1
001000000000000000000010010000000000
110011100110110111011011010110111010
100111100110111101110011011110010110
101111111111111111110111111111111111
110111100110111101111011011110010110
110111100110111101111011011110010110
101011111111110101010111110111010011
011111111011010111011111110111111011
010111100010010101011011010110010010
111111111111111111111111111111111111
101111111111110101010111110111010011
110111100110111101111011011110010110
110111100110111101111011011110010110
000111100010011111110011011110111110
110111100110111101111011011110010110
011111111011011111111111111111111111
100011100110111111110011011110111110
110111100110111111111011011110111110
010111100010010111011011010110111010
010111100010010101011011010110010010
110111100110111111111011011110111110
100111100110111111110011011110111110
110111100110111101111011011110010110
100110100100111001110001001110010110
110111100110110101011011010110010010
101111111111110111010111110111111011
100011100110111111110011011110111110
010011100010011111111011011110111110
110111100110111111111011011110111110
110111100110110111011011010110111010
011111111011011111111111111111111111
010111100010011111111011011110111110
010111100010011101111011011110010110
010011100010011111111011011110111110
011110111001011011111101101111111111
010111100010010111011011010110111010
110111100110111101111011011110010110
100010100010010001011001000110110010
010110100000110101110011001110011010
001011110101011011010101010111010110
010110100000110101110011001110011010
111111111111111111111111111111111111
001011110101011011010101010111010110
111111111111111111111111111111111111
001011110101011011010101010111010110
000010101000010001010001100110010010
001011110101011011010101010111010110
100010100010010001011001000110110010
001011110101011011010101010111010110
010110100000110101110011001110011010
111111111111111111111111111111111111
001011110101011011010101010111010110
010110100000110101110011001110011010
001011110101011011010101010111010110
111111111111111111111111111111111111
010110100000110101110011001110011010
111111111111111111111111111111111111
100010100010010001011001000110110010
001011110101011011010101010111010110
010110100000110101110011001110011010
111111111111111111111111111111111111
000010101000010001010001100110010010
001011110101011011010101010111010110
010110100000110101110011001110011010
111111111111111111111111111111111111
111111111111111111111111111111111111
001011110101011011010101010111010110
100010100010010001011001000110110010
111111111111111111111111111111111111
010110100000110101110011001110011010
001011110101011011010101010111010110
111111111111111111111111111111111111
000010100000010001010001000110010011
