36
111101011111101110101110111001101101
-1
-1
-1
-1
0
-1
-1
0
-1
4
-1
2
-1
0
-1
4
-1
-1
1
-1
-1
-1
-1
2
-1
-1
-1
-1
3
-1
-1
1
-1
-1
3
-1
001000000000000000000010010000000000
010011100010011111111011011110111110
010111100010010111011011010110111010
011111111011011101111111111111010111
110111100110111111111011011110111110
010111100010011111111011011110111110
101011111111111111110111111111111111
110011100110111111111011011110111110
111111111111111101111111111111010111
110111100110110101011011010110010010
111111111111111111111111111111111111
110011100110111111111011011110111110
010111100010010111011011010110111010
101110111101111011110101101111111111
100111100110111101110011011110010110
110111100110110101011011010110010010
000111100010011111110011011110111110
100111100110111111110011011110111110
100111100110111111110011011110111110
111111111111111111111111111111111111
110111100110111111111011011110111110
111111111111110111011111110111111011
111111111111111111111111111111111111
001111111011011101110111111111010111
110111100110111111111011011110111110
111111111111111111111111111111111111
110011100110111111111011011110111110
001111111011011101110111111111010111
111111111111111111111111111111111111
010111100010010111011011010110111010
111111111111111111111111111111111111
100111100110111101110011011110010110
101111111111111101110111111111010111
101011111111111101110111111111010111
110111100110111111111011011110111110
111111111111110101011111110111010011
110111100110111111111011011110111110
100010100010010001011001000110110010
010110100000110101110011001110011010
001011110101011011010101010111010110
010110100000110101110011001110011010
111111111111111111111111111111111111
001011110101011011010101010111010110
111111111111111111111111111111111111
001011110101011011010101010111010110
000010101000010001010001100110010010
001011110101011011010101010111010110
100010100010010001011001000110110010
001011110101011011010101010111010110
010110100000110101110011001110011010
111111111111111111111111111111111111
001011110101011011010101010111010110
010110100000110101110011001110011010
001011110101011011010101010111010110
111111111111111111111111111111111111
010110100000110101110011001110011010
111111111111111111111111111111111111
100010100010010001011001000110110010
001011110101011011010101010111010110
010110100000110101110011001110011010
111111111111111111111111111111111111
000010101000010001010001100110010010
001011110101011011010101010111010110
010110100000110101110011001110011010
111111111111111111111111111111111111
111111111111111111111111111111111111
001011110101011011010101010111010110
100010100010010001011001000110110010
111111111111111111111111111111111111
010110100000110101110011001110011010
001011110101011011010101010111010110
111111111111111111111111111111111111
000010100000010001010001000110010011
